3.857933,0
4.359288,1
4.903515,0
5.462892,1
5.982707,0
6.462656,1
7.022503,1
7.519143,0
8.053781,0
8.534683,1
9.054829,0
9.710747,1
10.64743,0
2.21998,0
3.175794,0
4.320693,1
5.335889,1
6.44734,0
7.440319,1
8.544342,0
9.59095,1
10.60022,0
11.69494,1
12.76065,0
13.79391,1
14.80885,0
15.84816,1
16.36729,0
16.86485,1
17.90466,0
18.95342,1
19.97587,0
21.05592,1
22.10391,0
23.16151,1
24.19164,0
24.70578,1
25.20001,0
26.26385,1
27.29626,0
28.32875,1
28.82384,0
29.69522,1
30.44788,0
31.02454,1
31.49574,0
32.53523,0
33.56803,1
34.59075,0
35.62284,1
36.67967,0
37.21515,1
38.20803,0
39.24726,0
40.35132,1
41.39943,1
42.4963,0
43.95961,1
44.75216,0
46.05521,1
46.96754,1
48.13619,0
49.12019,0
50.25582,1
50.81554,0
2.282527,0
3.231889,0
4.366549,1
5.390675,1
6.496226,0
7.422975,1
8.582312,0
9.614839,1
10.63983,0
11.67121,1
12.71026,0
13.77623,1
14.8073,0
15.86281,1
16.35944,0
16.89583,1
17.88816,0
18.96791,1
20.04708,0
20.58411,1
21.56701,0
22.59893,1
23.69579,0
24.69443,1
25.73455,0
26.31152,1
26.80711,0
27.33611,1
28.54587,0
29.4146,1
30.42376,0
31.47179,1
32.52783,0
33.06344,1
33.58327,0
34.61578,1
35.67827,0
36.74311,1
37.23103,0
37.73466,1
38.79032,0
39.84676,1
40.91889,0
41.4332,1
41.93463,0
42.92809,0
44.01515,1
44.95844,1
46.10234,0
47.05511,0
48.19055,1
49.16849,1
50.25465,0
50.79189,1
51.29554,0
54.53501,0
55.42233,1
56.51879,0
57.43192,1
58.65527,0
59.70289,1
60.70338,0
61.79079,1
62.27888,0
62.74325,1
63.81487,0
64.92652,1
65.98315,0
66.45538,1
66.95161,0
67.99232,1
69.03201,0
70.19057,1
70.62322,0
71.63028,1
72.68736,0
74.28136,1
74.7981,0
75.3028,1
76.32674,0
77.39832,1
78.46356,0
78.96649,1
80.01532,0
81.0391,1
82.1424,0
83.13401,1
84.16764,0
85.23122,1
86.32817,0
87.29524,1
88.33509,0
88.87819,1
89.43011,0
89.94226,1
91.02403,0
91.99995,1
93.00689,0
94.09457,1
95.04712,0
96.17525,1
97.15864,0
98.23893,0
99.24681,1
100.35,1
2.250757,1
3.180866,1
4.3328,0
5.30979,0
6.437717,1
7.445198,0
8.564429,1
9.581022,0
10.6286,1
11.72465,0
12.789,1
13.82101,0
14.84485,1
15.89327,0
16.41257,1
16.89256,0
17.94952,1
18.98121,0
20.06116,1
21.17334,0
22.16599,1
23.12556,0
24.22042,1
24.72588,0
25.27695,1
26.29398,0
27.33311,1
28.40559,0
29.44523,1
30.46066,0
31.5018,1
32.59746,0
33.08509,1
33.66266,0
34.66883,1
35.67816,0
36.70207,1
37.26927,0
38.28573,1
39.33636,0
40.91806,1
41.91724,0
42.94915,1
43.99748,0
44.82036,0
46.12702,1
47.04513,1
48.19756,0
49.18059,0
50.24524,1
50.85311,0
51.37405,1
52.38043,0
53.38143,0
54.46181,1
55.44519,1
56.56475,0
57.54131,0
58.71977,1
59.70122,0
60.72562,1
61.72587,0
62.8204,1
63.83739,0
64.90978,1
65.97353,0
66.50846,1
66.97375,0
68.02858,1
69.03676,0
70.13282,1
71.15834,0
72.21265,1
73.22153,0
74.28534,1
74.80482,0
75.51682,1
76.41404,0
77.39664,1
78.50166,0
78.99866,1
79.62112,0
80.56467,1
81.56492,0
82.66901,1
83.17303,0
84.17425,1
85.71744,0
86.75755,1
87.88441,0
88.89401,1
89.91081,0
90.98921,1
91.49364,0
92.00554,1
93.029,0
94.11014,1
95.0538,0
96.19701,1
97.15844,0
98.29286,1
99.22083,0
100.365,1
8.26519,0
9.238051,1
10.36531,0
11.33295,1
12.45298,0
13.42983,1
14.54901,0
15.57395,1
16.63624,0
8.275522,0
9.19897,1
10.41645,0
11.41508,1
12.50359,0
13.37546,1
14.51248,0
2.244429,1
3.123631,1
4.357009,0
5.2915,0
6.468171,1
7.419652,0
8.634542,1
9.564613,0
10.61123,1
11.71445,0
12.78674,1
13.8036,0
14.81102,1
15.88233,0
16.33987,1
16.93049,0
17.92228,1
18.96271,0
20.00225,1
21.13601,0
22.12244,1
23.12357,0
24.20428,1
24.73212,0
25.21511,1
26.29726,0
27.29106,1
28.3797,0
29.40314,1
30.4452,0
31.49131,1
32.55563,0
33.065,1
33.5865,0
34.62612,1
35.68169,0
36.73154,1
37.24406,0
38.24312,1
39.36222,0
40.87386,1
41.9293,0
42.98623,1
43.99929,0
44.99568,1
46.10803,0
47.0192,0
48.18046,1
49.18703,1
50.27476,0
2.263438,1
3.214782,0
4.320039,1
5.369206,0
6.471943,1
7.509954,0
8.602192,1
9.598464,0
10.59891,1
11.68736,0
12.74305,1
13.77436,0
14.8233,1
15.92739,0
16.39367,1
17.11245,0
17.95904,1
18.97409,0
20.03187,1
21.05437,0
22.06989,1
23.10969,0
24.20741,1
24.71133,0
25.19988,1
26.28664,0
27.28734,1
28.39309,0
28.8946,1
29.42348,0
30.43872,1
31.46354,0
32.57526,1
33.08369,0
33.56209,1
34.65361,0
35.64598,1
36.74306,0
37.24847,1
37.83477,0
38.81528,1
39.84081,0
40.8702,1
41.37617,0
41.90438,1
42.9518,0
43.9991,1
45.0066,0
46.10235,1
47.12796,0
48.16718,1
49.42255,0
49.79122,1
50.27868,0
51.35718,1
52.37615,0
53.34349,1
54.43867,0
55.43136,1
56.55305,0
57.57545,1
58.729,0
59.67394,1
60.695,0
61.78162,1
62.29491,0
62.77435,1
63.83823,0
64.90449,1
65.9852,0
66.46987,1
66.9594,0
67.95911,1
69.04383,0
70.11162,1
70.64729,0
71.16012,1
72.15938,0
73.1935,1
74.31899,0
74.80103,1
75.27923,0
76.33066,1
77.34367,0
78.43046,1
78.94353,0
79.45175,1
80.51119,0
81.55054,1
82.63102,0
83.17445,1
83.69136,0
84.71001,1
85.70338,0
86.77628,1
87.29778,0
87.82468,1
88.8796,0
89.89503,1
91.00632,0
91.47844,1
91.95092,0
93.00116,1
94.07996,1
95.07207,0
96.17009,0
97.18864,1
98.27899,1
99.31159,0
100.3657,0
2.276927,1
3.200797,1
4.359968,0
5.288521,0
6.449302,1
7.463098,0
8.515959,1
9.519753,0
10.56754,1
11.68859,0
12.10328,1
12.64056,0
13.70403,1
14.7755,0
15.83982,1
16.34442,0
16.83224,1
17.91151,0
18.94314,1
20.04783,0
20.50477,1
21.01639,0
22.03839,1
23.10431,0
24.15084,1
24.67094,0
25.18395,1
26.22668,0
27.28015,1
28.36673,0
28.84835,1
29.4082,0
30.40075,1
31.47363,0
32.49552,1
33.01701,0
33.54273,1
34.59924,0
35.60804,1
36.74714,0
37.22417,1
37.72076,0
38.76018,1
39.80643,0
40.88044,1
41.36749,0
41.85721,1
42.83283,0
43.40597,0
43.98535,1
44.93784,1
46.07154,0
47.00053,0
48.09966,1
49.17687,1
49.67939,0
50.22591,1
50.80102,0
52.33663,1
53.28728,1
54.43158,0
55.44753,0
56.51139,1
57.59876,1
58.86396,0
59.28098,1
59.73529,0
60.13467,1
60.74317,0
2.311627,1
3.203379,1
6.435628,1
8.571632,1
10.6279,1
12.20201,1
13.71509,1
15.81252,1
16.83575,1
18.93296,1
20.4906,1
22.08156,1
24.20307,1
25.24063,1
27.30861,1
28.90986,1
30.4756,1
32.56316,1
33.55579,1
35.61985,1
37.18011,1
38.76329,1
40.89005,1
41.86797,1
42.38613,1
46.08904,1
47.07347,1
49.83563,1
50.803,1
51.78967,1
54.83443,1
55.96328,1
58.85098,1
59.82659,1
61.76338,1
63.82213,1
2.240677,1
3.174028,1
4.35103,0
5.333735,0
6.468657,1
7.430573,1
8.613784,0
9.566122,1
10.613,0
11.66934,1
12.19798,0
12.68574,1
13.7169,0
14.75787,1
15.83574,0
16.34143,1
16.8191,0
17.86003,1
18.90864,0
20.018,1
20.53307,0
21.07742,1
22.06988,0
23.08588,1
24.18947,0
24.71745,1
25.22864,0
26.25282,1
27.26186,0
28.34893,1
28.88588,0
29.39689,1
30.44589,0
31.50998,1
32.55812,0
33.06093,1
33.55698,0
34.62064,1
35.66089,0
36.68482,1
37.25213,0
37.72665,1
38.78276,0
39.80503,1
40.88847,0
41.36573,1
41.86071,0
42.83301,1
43.98127,0
44.99634,0
46.07075,1
46.99815,1
48.15726,0
49.20926,0
49.54153,1
50.27569,0
51.24623,1
52.37306,1
53.39653,1
54.47102,0
55.45387,0
56.55613,1
57.57273,1
58.68422,0
59.14938,1
59.67737,0
60.14959,1
60.66971,0
61.79638,1
62.78244,0
63.32663,1
63.85393,0
64.3403,1
64.85326,0
65.95684,1
66.43618,0
66.92589,1
67.45895,1
68.01317,0
68.51093,0
69.02215,1
70.10073,0
70.62115,1
71.62892,0
72.65422,1
73.774,0
74.30866,1
74.77814,0
75.26041,1
76.32576,0
77.3904,1
78.4983,0
78.95695,1
79.50912,0
80.52631,1
81.56686,0
82.64635,1
83.14169,0
83.66166,1
84.73587,0
85.72559,1
86.7967,0
87.30841,1
87.8288,0
88.87732,1
89.90086,0
90.98958,1
91.49339,0
91.98046,1
93.00496,0
94.12071,0
94.97272,1
96.17264,1
97.18814,0
98.32565,0
99.17275,1
2.267588,1
3.141561,1
4.33518,0
5.303894,0
6.454141,1
7.476285,1
8.647243,0
9.158911,1
9.639451,0
9.975482,1
10.54627,0
2.229252,1
3.225241,1
4.360126,0
5.372034,0
6.462011,1
7.423892,1
8.569109,0
9.583746,1
10.63118,0
11.6637,1
12.18554,0
12.7094,1
13.75939,0
14.76861,1
15.841,0
16.34377,1
16.84849,0
17.89564,1
18.93697,0
19.98895,1
20.53789,0
21.07567,1
22.09711,0
23.08141,1
24.19116,0
24.69134,1
25.24653,0
26.24809,1
27.30396,0
28.32973,1
28.88166,0
29.44641,1
30.43364,0
31.48834,1
32.53815,0
33.0483,1
33.56115,0
34.61535,1
35.6092,0
36.67191,1
37.22335,0
37.76008,1
38.7771,0
39.79972,1
40.88799,0
41.37675,1
41.91745,0
42.84853,1
43.99181,0
45.0028,0
46.06499,1
47.03239,1
48.14474,0
49.18398,0
49.70702,1
50.29686,0
51.30425,1
52.33643,1
53.36805,0
54.51147,0
55.49578,0
56.56871,1
57.55961,1
58.6088,0
59.13643,1
59.67905,0
60.19276,1
60.70355,0
61.76919,0
62.28061,1
62.81606,0
63.35887,1
63.87022,0
64.31484,1
64.84118,0
65.88535,1
66.4594,0
66.96741,1
67.46488,1
68.00829,0
68.50746,0
69.03267,1
70.16777,0
70.64245,1
71.2089,0
72.17757,1
73.27254,0
74.27238,1
74.79974,0
75.29836,1
76.35282,0
77.39275,1
78.48589,0
78.95941,1
79.4632,0
80.01699,0
80.56018,1
81.00075,1
81.55203,0
82.62296,1
83.13353,0
83.62135,1
84.19341,0
84.68754,0
85.22479,1
85.71261,1
86.7928,0
87.29698,1
87.80798,0
88.47194,0
88.91231,0
89.40199,1
89.90575,1
90.96851,0
91.44944,1
91.96235,0
93.01736,0
94.09598,1
95.01743,1
96.19556,0
97.21604,0
98.296,1
99.24821,1
